          PHOTOELECTRIC EFFECT ---- PH316

                      Date: 04-09-11
           Program version: 04-06-02

          Photocathode material no -----> 1

          Data has following form:

          Wavelength in Angstroms
          Retarding Voltage (V)      Photocurrent (Amps)




   2000.00

   0.00000 ,  1.02913E-09
   0.50000 ,  1.01847E-09
   1.00000 ,  6.13198E-10
   1.50000 ,  2.24006E-10
   2.00000 , -4.85391E-12
   2.50000 , -1.07722E-10
   3.00000 ,  7.25184E-12
   3.50000 ,  2.77371E-11
   4.00000 , -1.67128E-13
   4.50000 ,  1.58355E-14
   5.00000 , -6.40861E-12
   5.50000 , -1.17432E-13
   6.00000 ,  2.40177E-12
   6.50000 , -7.47404E-13
   7.00000 , -2.64840E-12
   7.50000 ,  4.41240E-14
   8.00000 , -2.79864E-11
   8.50000 ,  8.01498E-11
   9.00000 , -1.96417E-10
   9.50000 , -9.88478E-12


   2000.00

   0.00000 ,  8.81813E-10
   0.50000 ,  6.92112E-10
   1.00000 ,  5.62295E-10
   1.50000 ,  2.35781E-10
   2.00000 , -1.13598E-11
   2.50000 , -3.94946E-11
   3.00000 ,  4.22194E-12
   3.50000 ,  6.54986E-12
   4.00000 , -4.45242E-11
   4.50000 ,  1.38366E-11
   5.00000 ,  7.16108E-12
   5.50000 , -4.23423E-12
   6.00000 , -4.12933E-11
   6.50000 ,  1.75221E-12
   7.00000 ,  1.15445E-10
   7.50000 ,  4.85841E-17
   8.00000 , -2.58526E-11
   8.50000 , -7.10684E-11
   9.00000 ,  3.99024E-13
   9.50000 ,  3.44048E-11


   2000.00

   0.00000 ,  9.40197E-10
   0.50000 ,  7.58612E-10
   1.00000 ,  5.18675E-10
   1.50000 ,  1.60287E-10
   2.00000 , -7.14532E-11
   2.50000 ,  5.24711E-12
   3.00000 , -1.38389E-10
   3.50000 , -1.51877E-11
   4.00000 , -3.17360E-12
   4.50000 ,  7.14514E-14
   5.00000 , -8.78538E-13
   5.50000 ,  5.47689E-10
   6.00000 ,  2.87005E-12
   6.50000 , -3.57376E-11
   7.00000 , -3.53232E-12
   7.50000 ,  7.76517E-10
   8.00000 , -9.46200E-12
   8.50000 , -2.00061E-10
   9.00000 ,  2.08228E-12
   9.50000 , -8.97904E-12


   2000.00

   0.00000 ,  8.75970E-10
   0.50000 ,  9.03632E-10
   1.00000 ,  6.85002E-10
   1.50000 ,  3.25301E-10
   2.00000 ,  7.60157E-11
   2.50000 , -6.59895E-11
   3.00000 ,  2.77396E-12
   3.50000 , -8.64183E-11
   4.00000 ,  1.96408E-11
   4.50000 , -4.64586E-11
   5.00000 , -4.12131E-11
   5.50000 , -2.75840E-14
   6.00000 , -3.18201E-12
   6.50000 , -2.46249E-12
   7.00000 , -4.52673E-11
   7.50000 , -1.54897E-11
   8.00000 ,  4.99501E-13
   8.50000 ,  5.14024E-12
   9.00000 , -3.71781E-11
   9.50000 , -1.24860E-10


   2000.00

   0.00000 ,  8.36780E-10
   0.50000 ,  6.39384E-10
   1.00000 ,  4.09014E-10
   1.50000 ,  7.15838E-11
   2.00000 , -1.83819E-10
   2.50000 ,  4.68765E-11
   3.00000 , -5.56996E-11
   3.50000 , -8.73161E-12
   4.00000 , -8.69664E-13
   4.50000 , -4.03279E-12
   5.00000 ,  1.99802E-13
   5.50000 , -7.50612E-12
   6.00000 ,  1.14825E-12
   6.50000 , -4.97875E-10
   7.00000 ,  5.90098E-14
   7.50000 ,  1.30547E-11
   8.00000 ,  3.14087E-11
   8.50000 ,  9.62508E-13
   9.00000 ,  1.42845E-11
   9.50000 , -2.43843E-11


   2000.00

   0.00000 ,  1.07643E-09
   0.50000 ,  8.00614E-10
   1.00000 ,  5.74690E-10
   1.50000 ,  2.43773E-10
   2.00000 , -6.70043E-12
   2.50000 ,  3.34162E-11
   3.00000 , -2.50317E-13
   3.50000 , -1.60142E-11
   4.00000 ,  2.00874E-11
   4.50000 ,  1.35695E-12
   5.00000 , -1.16582E-11
   5.50000 , -7.79370E-13
   6.00000 ,  4.20478E-10
   6.50000 ,  6.20721E-13
   7.00000 ,  2.55707E-15
   7.50000 ,  1.87193E-12
   8.00000 ,  9.75536E-13
   8.50000 , -3.52196E-14
   9.00000 ,  6.06329E-12
   9.50000 , -3.65313E-11


   2000.00

   0.00000 ,  8.89432E-10
   0.50000 ,  7.99372E-10
   1.00000 ,  5.75678E-10
   1.50000 ,  2.48028E-10
   2.00000 ,  2.77163E-14
   2.50000 , -1.62675E-14
   3.00000 , -4.77280E-14
   3.50000 ,  1.03037E-11
   4.00000 , -1.71488E-14
   4.50000 , -9.75929E-12
   5.00000 ,  3.69990E-11
   5.50000 , -4.85439E-11
   6.00000 , -1.89355E-11
   6.50000 , -3.53187E-12
   7.00000 ,  1.35210E-10
   7.50000 ,  9.65405E-12
   8.00000 ,  9.84765E-12
   8.50000 , -1.00334E-13
   9.00000 , -8.57588E-12
   9.50000 , -1.22535E-11


   2000.00

   0.00000 ,  7.50546E-10
   0.50000 ,  8.21970E-10
   1.00000 ,  5.91992E-10
   1.50000 ,  2.55137E-10
   2.00000 ,  1.69499E-13
   2.50000 , -3.23250E-11
   3.00000 , -9.03961E-12
   3.50000 ,  7.73631E-12
   4.00000 ,  7.53376E-12
   4.50000 , -2.25969E-11
   5.00000 ,  2.84179E-11
   5.50000 ,  1.08439E-11
   6.00000 , -1.43188E-11
   6.50000 ,  8.11182E-12
   7.00000 ,  2.16939E-12
   7.50000 , -2.13831E-12
   8.00000 ,  1.80044E-11
   8.50000 ,  8.67634E-13
   9.00000 , -1.95379E-11
   9.50000 ,  4.07025E-13


   2000.00

   0.00000 ,  8.89773E-10
   0.50000 ,  8.12676E-10
   1.00000 ,  5.85243E-10
   1.50000 ,  2.52115E-10
   2.00000 , -3.10450E-14
   2.50000 , -8.89125E-12
   3.00000 ,  2.41448E-11
   3.50000 , -1.00954E-10
   4.00000 , -1.47035E-12
   4.50000 ,  3.55253E-13
   5.00000 , -7.22509E-12
   5.50000 ,  5.40571E-12
   6.00000 , -2.56637E-11
   6.50000 ,  4.86345E-13
   7.00000 , -2.93569E-13
   7.50000 ,  3.05745E-13
   8.00000 ,  1.26007E-11
   8.50000 , -1.38189E-11
   9.00000 , -3.23859E-14
   9.50000 ,  6.06628E-12
